%YAML:1.0
calibration_Time: "10/27/16 13:36:26"
nrOfFrames: 10
image_Width: 1600
image_Height: 1200
board_Width: 9
board_Height: 6
square_Size: 2.6222000122070312e+000
FixAspectRatio: -107374176.
# flags:  +fix_aspectRatio +fix_principal_point +zero_tangent_dist
flagValue: 14
Camera_Matrix: !!opencv-matrix
   rows: 3
   cols: 3
   dt: d
   data: [ 1.8435610863515064e+003, 0., 7.9950000000000000e+002, 0.,
       1.8435610863515064e+003, 5.9950000000000000e+002, 0., 0., 1. ]
Distortion_Coefficients: !!opencv-matrix
   rows: 5
   cols: 1
   dt: d
   data: [ 1.1415471237383623e-001, -1.4601522229886266e+000, 0., 0.,
       5.1820223903354057e+000 ]
Avg_Reprojection_Error: 9.3742443416467569e-001
Per_View_Reprojection_Errors: !!opencv-matrix
   rows: 10
   cols: 1
   dt: f
   data: [ 1.04892111e+000, 1.14589763e+000, 8.43304873e-001,
       1.22448528e+000, 1.23105299e+000, 5.77613533e-001,
       9.31361675e-001, 9.15091634e-001, 6.18675530e-001,
       4.76535469e-001 ]
# a set of 6-tuples (rotation vector + translation vector) for each view
Extrinsic_Parameters: !!opencv-matrix
   rows: 10
   cols: 6
   dt: d
   data: [ -4.5555101526133063e-001, -3.5937308818467406e-002,
       -5.3952104156865320e-002, -1.0608841932671075e+001,
       -8.4850810764404123e+000, 3.6713931874374481e+001,
       -5.8702537171245739e-001, -3.0011202144839416e-001,
       -4.6582815248109494e-001, -1.2327333987836397e+001,
       -4.6844240021430057e+000, 3.5461505697341025e+001,
       -9.0173746186614545e-001, -1.9522988738478131e-001,
       1.2689971335701936e-001, -1.1189765701402774e+001,
       -4.1998211518828654e+000, 5.4002533515846061e+001,
       -1.0338230207177128e+000, -6.4486208056875355e-002,
       9.9571721784611281e-002, -1.0040496258679564e+001,
       -3.6237845113282674e+000, 4.3803264940716481e+001,
       -1.0627686951807156e+000, -2.1553907652010112e-001,
       -3.9549972062210886e-001, -1.3598530032576253e+001,
       -7.5112198253586204e-001, 3.8088785261345251e+001,
       -8.4401942193301638e-001, -9.9106048627251947e-002,
       5.3965514065523475e-002, -1.3567274019436475e+001,
       6.3876778323389960e-001, 6.7310844616148174e+001,
       -9.6653724322962375e-001, 2.3964987409985891e-001,
       2.7606347219989519e-001, -8.1943169188573570e+000,
       -3.9433298900580169e+000, 5.0092397967433506e+001,
       -7.9415524167251994e-001, 3.2054166964627301e-001,
       6.5727424280932800e-001, -5.5950391573654539e+000,
       -8.2372237435209819e+000, 5.2172110619271741e+001,
       -6.3292707421990091e-001, 5.7045162776940224e-002,
       4.2497483307210965e-001, -1.0711930772796615e+001,
       -8.9424109747651741e+000, 5.6324381760643270e+001,
       -2.5859010205661198e-002, -8.6303589170202463e-002,
       1.3945977409778015e-001, -7.4657743982594544e+000,
       -8.2673938141951044e+000, 5.5495184877162721e+001 ]
Image_points: !!opencv-matrix
   rows: 10
   cols: 54
   dt: "2f"
   data: [ 2.65827820e+002, 1.72415817e+002, 3.97980621e+002,
       1.67818924e+002, 5.30758911e+002, 1.63143951e+002,
       6.62783630e+002, 1.59234070e+002, 7.92598633e+002,
       1.54804901e+002, 9.22938599e+002, 1.50166550e+002,
       1.05226514e+003, 1.46504929e+002, 1.17959338e+003,
       1.42940308e+002, 1.30592236e+003, 1.39393997e+002,
       2.56015961e+002, 2.81728729e+002, 3.92786621e+002,
       2.76377533e+002, 5.29838379e+002, 2.71644989e+002,
       6.66454102e+002, 2.66328979e+002, 8.00413025e+002,
       2.62362549e+002, 9.34625732e+002, 2.57540771e+002,
       1.06815710e+003, 2.51488220e+002, 1.19927417e+003,
       2.48620773e+002, 1.32950757e+003, 2.44265411e+002,
       2.46305359e+002, 3.96607269e+002, 3.87627014e+002,
       3.90630280e+002, 5.29357483e+002, 3.85274292e+002,
       6.70314209e+002, 3.79714630e+002, 8.08531799e+002,
       3.75132019e+002, 9.47084290e+002, 3.69480164e+002,
       1.08483386e+003, 3.63111084e+002, 1.22081299e+003,
       3.57484741e+002, 1.35455493e+003, 3.54109467e+002,
       2.35794876e+002, 5.21183289e+002, 3.82554291e+002,
       5.14986572e+002, 5.29023438e+002, 5.09085785e+002,
       6.74533569e+002, 5.02666351e+002, 8.17346252e+002,
       4.96904633e+002, 9.60654114e+002, 4.90785461e+002,
       1.10283569e+003, 4.83264496e+002, 1.24294373e+003,
       4.78203217e+002, 1.38159241e+003, 4.72402222e+002,
       2.25253983e+002, 6.52604919e+002, 3.76623352e+002,
       6.45423523e+002, 5.28356934e+002, 6.38545227e+002,
       6.79194092e+002, 6.31798767e+002, 8.26752747e+002,
       6.24479919e+002, 9.75249390e+002, 6.17117554e+002,
       1.12195532e+003, 6.10362793e+002, 1.26631616e+003,
       6.05514404e+002, 1.40893689e+003, 5.99353455e+002,
       2.14369431e+002, 7.95510803e+002, 3.70770081e+002,
       7.87307739e+002, 5.27827026e+002, 7.79014221e+002,
       6.84227539e+002, 7.71342773e+002, 8.37322937e+002,
       7.64036133e+002, 9.90435974e+002, 7.56491638e+002,
       1.14187708e+003, 7.49085999e+002, 1.29157080e+003,
       7.42581299e+002, 1.43995886e+003, 7.34521179e+002,
       1.57047394e+002, 3.55140533e+002, 2.87872131e+002,
       3.18177124e+002, 4.12698792e+002, 2.82502533e+002,
       5.31334656e+002, 2.49426819e+002, 6.42402527e+002,
       2.17941727e+002, 7.49054810e+002, 1.87200668e+002,
       8.49899536e+002, 1.59289810e+002, 9.45454285e+002,
       1.32717148e+002, 1.03649866e+003, 1.06995697e+002,
       2.04993881e+002, 4.51631775e+002, 3.39324463e+002,
       4.10081665e+002, 4.67165192e+002, 3.71108185e+002,
       5.88094177e+002, 3.33346344e+002, 7.00865356e+002,
       2.99706238e+002, 8.08926025e+002, 2.66361816e+002,
       9.11746094e+002, 2.33552063e+002, 1.00805194e+003,
       2.05815857e+002, 1.10012744e+003, 1.77531616e+002,
       2.56436676e+002, 5.53248596e+002, 3.94016785e+002,
       5.06868439e+002, 5.24606750e+002, 4.63583618e+002,
       6.47726807e+002, 4.22310150e+002, 7.62539795e+002,
       3.85056976e+002, 8.72349487e+002, 3.48172363e+002,
       9.76300415e+002, 3.12434113e+002, 1.07444568e+003,
       2.79371094e+002, 1.16645557e+003, 2.50755188e+002,
       3.12528320e+002, 6.64012695e+002, 4.53609833e+002,
       6.12783142e+002, 5.86658936e+002, 5.64862122e+002,
       7.12042297e+002, 5.19193054e+002, 8.28707886e+002,
       4.77374603e+002, 9.40204285e+002, 4.36703888e+002,
       1.04574902e+003, 3.96613708e+002, 1.14439648e+003,
       3.62057434e+002, 1.23801672e+003, 3.28147003e+002,
       3.72509766e+002, 7.81524780e+002, 5.16754456e+002,
       7.24009766e+002, 6.52765808e+002, 6.70514832e+002,
       7.80293823e+002, 6.20579468e+002, 8.99295898e+002,
       5.72895264e+002, 1.01246649e+003, 5.27481262e+002,
       1.11892285e+003, 4.85526428e+002, 1.21790564e+003,
       4.48304810e+002, 1.31155957e+003, 4.12442078e+002,
       4.38160004e+002, 9.09826416e+002, 5.85637024e+002,
       8.45777405e+002, 7.24410217e+002, 7.85606689e+002,
       8.54337036e+002, 7.29643738e+002, 9.74979492e+002,
       6.78054321e+002, 1.08888293e+003, 6.29470154e+002,
       1.19608997e+003, 5.83485107e+002, 1.29660022e+003,
       5.41349854e+002, 1.39176001e+003, 4.99758514e+002,
       4.16449371e+002, 4.54800690e+002, 5.05471039e+002,
       4.73402802e+002, 5.94108948e+002, 4.91093597e+002,
       6.81654480e+002, 5.09084534e+002, 7.67210693e+002,
       5.26124268e+002, 8.53036377e+002, 5.42694824e+002,
       9.37230835e+002, 5.60213867e+002, 1.02035767e+003,
       5.77269958e+002, 1.10229187e+003, 5.93672668e+002,
       3.98351257e+002, 5.07411316e+002, 4.91310547e+002,
       5.25592712e+002, 5.83364075e+002, 5.44248047e+002,
       6.74451050e+002, 5.61851196e+002, 7.63353271e+002,
       5.79968323e+002, 8.52310425e+002, 5.97313660e+002,
       9.40399719e+002, 6.13482361e+002, 1.02608215e+003,
       6.32044922e+002, 1.11120227e+003, 6.48603455e+002,
       3.79018280e+002, 5.63078491e+002, 4.75725952e+002,
       5.81519470e+002, 5.71803345e+002, 6.00354553e+002,
       6.66767395e+002, 6.18495789e+002, 7.59284851e+002,
